33.6367
33.9425
32.8969
39.8617
40.6397
37.6189
35.2139
36.0800
33.4342
29.9844
25.7933
28.4294
40.6925
47.4489
44.8819
42.2125
39.8719
42.3631
40.7772
26.0725
39.1753
38.9444
40.7883
38.8522
41.7861
21.3186
32.7336
27.9756
41.4117
45.5886
38.7472
29.6456
37.7214
39.2975
36.1267
30.1944
35.8778
38.6956
33.6756
41.9786
41.9786
33.6367
33.9425
32.8969
39.8617
40.6397
37.6189
35.2139
36.0800
33.4342
29.9844
25.7933
28.4294
40.6925
47.4489
44.8819
42.2125
39.8719
42.3631
40.7772
26.0725
39.1753
38.9444
40.7883
38.8522
41.7861
21.3186
32.7336
27.9756
41.4117
45.5886
38.7472
29.6456
37.7214
39.2975
36.1267
30.1944
35.8778
38.6956
33.6756
41.9786
41.9786
33.6367
33.9425
32.8969
39.8617
40.6397
37.6189
35.2139
36.0800
33.4342
29.9844
25.7933
28.4294
40.6925
47.4489
44.8819
42.2125
39.8719
42.3631
40.7772
26.0725
39.1753
38.9444
40.7883
38.8522
41.7861
21.3186
32.7336
27.9756
41.4117
45.5886
38.7472
29.6456
37.7214
39.2975
36.1267
30.1944
35.8778
38.6956
33.6756
41.9786
41.9786
33.6367
33.9425
32.8969
39.8617
40.6397
37.6189
35.2139
36.0800
33.4342
29.9844
25.7933
28.4294
40.6925
47.4489
44.8819
42.2125
39.8719
42.3631
40.7772
26.0725
39.1753
38.9444
40.7883
38.8522
41.7861
21.3186
32.7336
27.9756
41.4117
45.5886
38.7472
29.6456
37.7214
39.2975
36.1267
30.1944
35.8778
38.6956
33.6756
41.9786
41.9786
33.6367
33.9425
32.8969
39.8617
40.6397
37.6189
35.2139
36.0800
33.4342
29.9844
25.7933
28.4294
40.6925
47.4489
44.8819
42.2125
39.8719
42.3631
40.7772
26.0725
39.1753
38.9444
40.7883
38.8522
41.7861
21.3186
32.7336
27.9756
41.4117
45.5886
38.7472
29.6456
37.7214
39.2975
36.1267
30.1944
35.8778
38.6956
33.6756
41.9786
41.9786
33.6367
33.9425
32.8969
39.8617
40.6397
37.6189
35.2139
36.0800
33.4342
29.9844
25.7933
28.4294
40.6925
47.4489
44.8819
42.2125
39.8719
42.3631
40.7772
26.0725
39.1753
38.9444
40.7883
38.8522
41.7861
21.3186
32.7336
27.9756
41.4117
45.5886
38.7472
29.6456
37.7214
39.2975
36.1267
30.1944
35.8778
38.6956
33.6756
41.9786
41.9786
33.6367
33.9425
32.8969
39.8617
40.6397
37.6189
35.2139
36.0800
33.4342
29.9844
25.7933
28.4294
40.6925
47.4489
44.8819
42.2125
39.8719
42.3631
40.7772
26.0725
39.1753
38.9444
40.7883
38.8522
41.7861
21.3186
32.7336
27.9756
41.4117
45.5886
38.7472
29.6456
37.7214
39.2975
36.1267
30.1944
35.8778
38.6956
33.6756
41.9786
41.9786
33.6367
33.9425
32.8969
39.8617
40.6397
37.6189
35.2139
36.0800
33.4342
29.9844
25.7933
28.4294
40.6925
47.4489
44.8819
42.2125
39.8719
42.3631
40.7772
26.0725
39.1753
38.9444
40.7883
38.8522
41.7861
21.3186
32.7336
27.9756
41.4117
45.5886
38.7472
29.6456
37.7214
39.2975
36.1267
30.1944
35.8778
38.6956
33.6756
41.9786
41.9786
33.6367
33.9425
32.8969
39.8617
40.6397
37.6189
35.2139
36.0800
33.4342
29.9844
25.7933
28.4294
40.6925
47.4489
44.8819
42.2125
39.8719
42.3631
40.7772
26.0725
39.1753
38.9444
40.7883
38.8522
41.7861
21.3186
32.7336
27.9756
41.4117
45.5886
38.7472
29.6456
37.7214
39.2975
36.1267
30.1944
35.8778
38.6956
33.6756
41.9786
41.9786
33.6367
33.9425
32.8969
39.8617
40.6397
37.6189
35.2139
36.0800
33.4342
29.9844
25.7933
28.4294
40.6925
47.4489
44.8819
42.2125
39.8719
42.3631
40.7772
26.0725
39.1753
38.9444
40.7883
38.8522
41.7861
21.3186
32.7336
27.9756
41.4117
45.5886
38.7472
29.6456
37.7214
39.2975
36.1267
30.1944
35.8778
38.6956
33.6756
41.9786
41.9786
33.6367
33.9425
32.8969
39.8617
40.6397
37.6189
35.2139
36.0800
33.4342
29.9844
25.7933
28.4294
40.6925
47.4489
44.8819
42.2125
39.8719
42.3631
40.7772
26.0725
39.1753
38.9444
40.7883
38.8522
41.7861
21.3186
32.7336
27.9756
41.4117
45.5886
38.7472
29.6456
37.7214
39.2975
36.1267
30.1944
35.8778
38.6956
33.6756
41.9786
41.9786
33.6367
33.9425
32.8969
39.8617
40.6397
37.6189
35.2139
36.0800
33.4342
29.9844
25.7933
28.4294
40.6925
47.4489
44.8819
42.2125
39.8719
42.3631
40.7772
26.0725
39.1753
38.9444
40.7883
38.8522
41.7861
21.3186
32.7336
27.9756
41.4117
45.5886
38.7472
29.6456
37.7214
39.2975
36.1267
30.1944
35.8778
38.6956
33.6756
41.9786
41.9786
33.6367
33.9425
32.8969
39.8617
40.6397
37.6189
35.2139
36.0800
33.4342
29.9844
25.7933
28.4294
40.6925
47.4489
44.8819
42.2125
39.8719
42.3631
40.7772
26.0725
39.1753
38.9444
40.7883
38.8522
41.7861
21.3186
32.7336
27.9756
41.4117
45.5886
38.7472
29.6456
37.7214
39.2975
36.1267
30.1944
35.8778
38.6956
33.6756
41.9786
41.9786
33.6367
33.9425
32.8969
39.8617
40.6397
37.6189
35.2139
36.0800
33.4342
29.9844
25.7933
28.4294
40.6925
47.4489
44.8819
42.2125
39.8719
42.3631
40.7772
26.0725
39.1753
38.9444
40.7883
38.8522
41.7861
21.3186
32.7336
27.9756
41.4117
45.5886
38.7472
29.6456
37.7214
39.2975
36.1267
30.1944
35.8778
38.6956
33.6756
41.9786
41.9786
33.6367
33.9425
32.8969
39.8617
40.6397
37.6189
35.2139
36.0800
33.4342
29.9844
25.7933
28.4294
40.6925
47.4489
44.8819
42.2125
39.8719
42.3631
40.7772
26.0725
39.1753
38.9444
40.7883
38.8522
41.7861
21.3186
32.7336
27.9756
41.4117
45.5886
38.7472
29.6456
37.7214
39.2975
36.1267
30.1944
35.8778
38.6956
33.6756
41.9786
41.9786
33.6367
33.9425
32.8969
39.8617
40.6397
37.6189
35.2139
36.0800
33.4342
29.9844
25.7933
28.4294
40.6925
47.4489
44.8819
42.2125
39.8719
42.3631
40.7772
26.0725
39.1753
38.9444
40.7883
38.8522
41.7861
21.3186
32.7336
27.9756
41.4117
45.5886
38.7472
29.6456
37.7214
39.2975
36.1267
30.1944
35.8778
38.6956
33.6756
41.9786
41.9786
33.6367
33.9425
32.8969
39.8617
40.6397
37.6189
35.2139
36.0800
33.4342
29.9844
25.7933
28.4294
40.6925
47.4489
44.8819
42.2125
39.8719
42.3631
40.7772
26.0725
39.1753
38.9444
40.7883
38.8522
41.7861
21.3186
32.7336
27.9756
41.4117
45.5886
38.7472
29.6456
37.7214
39.2975
36.1267
30.1944
35.8778
38.6956
33.6756
41.9786
41.9786
33.6367
33.9425
32.8969
39.8617
40.6397
37.6189
35.2139
36.0800
33.4342
29.9844
25.7933
28.4294
40.6925
47.4489
44.8819
42.2125
39.8719
42.3631
40.7772
26.0725
39.1753
38.9444
40.7883
38.8522
41.7861
21.3186
32.7336
27.9756
41.4117
45.5886
38.7472
29.6456
37.7214
39.2975
36.1267
30.1944
35.8778
38.6956
33.6756
41.9786
41.9786
33.6367
33.9425
32.8969
39.8617
40.6397
37.6189
35.2139
36.0800
33.4342
29.9844
25.7933
28.4294
40.6925
47.4489
44.8819
42.2125
39.8719
42.3631
40.7772
26.0725
39.1753
38.9444
40.7883
38.8522
41.7861
21.3186
32.7336
27.9756
41.4117
45.5886
38.7472
29.6456
37.7214
39.2975
36.1267
30.1944
35.8778
38.6956
33.6756
41.9786
41.9786
33.6367
33.9425
32.8969
39.8617
40.6397
37.6189
35.2139
36.0800
33.4342
29.9844
25.7933
28.4294
40.6925
47.4489
44.8819
42.2125
39.8719
42.3631
40.7772
26.0725
39.1753
38.9444
40.7883
38.8522
41.7861
21.3186
32.7336
27.9756
41.4117
45.5886
38.7472
29.6456
37.7214
39.2975
36.1267
30.1944
35.8778
38.6956
33.6756
41.9786
41.9786
33.6367
33.9425
32.8969
39.8617
40.6397
37.6189
35.2139
36.0800
33.4342
29.9844
25.7933
28.4294
40.6925
47.4489
44.8819
42.2125
39.8719
42.3631
40.7772
26.0725
39.1753
38.9444
40.7883
38.8522
41.7861
21.3186
32.7336
27.9756
41.4117
45.5886
38.7472
29.6456
37.7214
39.2975
36.1267
30.1944
35.8778
38.6956
33.6756
41.9786
41.9786
33.6367
33.9425
32.8969
39.8617
40.6397
37.6189
35.2139
36.0800
33.4342
29.9844
25.7933
28.4294
40.6925
47.4489
44.8819
42.2125
39.8719
42.3631
40.7772
26.0725
39.1753
38.9444
40.7883
38.8522
41.7861
21.3186
32.7336
27.9756
41.4117
45.5886
38.7472
29.6456
37.7214
39.2975
36.1267
30.1944
35.8778
38.6956
33.6756
41.9786
41.9786
33.6367
33.9425
32.8969
39.8617
40.6397
37.6189
35.2139
36.0800
33.4342
29.9844
25.7933
28.4294
40.6925
47.4489
44.8819
42.2125
39.8719
42.3631
40.7772
26.0725
39.1753
38.9444
40.7883
38.8522
41.7861
21.3186
32.7336
27.9756
41.4117
45.5886
38.7472
29.6456
37.7214
39.2975
36.1267
30.1944
35.8778
38.6956
33.6756
41.9786
41.9786
33.6367
33.9425
32.8969
39.8617
40.6397
37.6189
35.2139
36.0800
33.4342
29.9844
25.7933
28.4294
40.6925
47.4489
44.8819
42.2125
39.8719
42.3631
40.7772
26.0725
39.1753
38.9444
40.7883
38.8522
41.7861
21.3186
32.7336
27.9756
41.4117
45.5886
38.7472
29.6456
37.7214
39.2975
36.1267
30.1944
35.8778
38.6956
33.6756
41.9786
41.9786
33.6367
33.9425
32.8969
39.8617
40.6397
37.6189
35.2139
36.0800
33.4342
29.9844
25.7933
28.4294
40.6925
47.4489
44.8819
42.2125
39.8719
42.3631
40.7772
26.0725
39.1753
38.9444
40.7883
38.8522
41.7861
21.3186
32.7336
27.9756
41.4117
45.5886
38.7472
29.6456
37.7214
39.2975
36.1267
30.1944
35.8778
38.6956
33.6756
41.9786
41.9786
33.6367
33.9425
32.8969
39.8617
40.6397
37.6189
35.2139
36.0800
33.4342
29.9844
25.7933
28.4294
40.6925
47.4489
44.8819
42.2125
39.8719
42.3631
40.7772
26.0725
39.1753
38.9444
40.7883
38.8522
41.7861
21.3186
32.7336
27.9756
41.4117
45.5886
38.7472
29.6456
37.7214
39.2975
36.1267
30.1944
35.8778
38.6956
33.6756
41.9786
41.9786
33.6367
33.9425
32.8969
39.8617
40.6397
37.6189
35.2139
36.0800
33.4342
29.9844
25.7933
28.4294
40.6925
47.4489
44.8819
42.2125
39.8719
42.3631
40.7772
26.0725
39.1753
38.9444
40.7883
38.8522
41.7861
21.3186
32.7336
27.9756
41.4117
45.5886
38.7472
29.6456
37.7214
39.2975
36.1267
30.1944
35.8778
38.6956
33.6756
41.9786
41.9786
33.6367
33.9425
32.8969
39.8617
40.6397
37.6189
35.2139
36.0800
33.4342
29.9844
25.7933
28.4294
40.6925
47.4489
44.8819
42.2125
39.8719
42.3631
40.7772
26.0725
39.1753
38.9444
40.7883
38.8522
41.7861
21.3186
32.7336
27.9756
41.4117
45.5886
38.7472
29.6456
37.7214
39.2975
36.1267
30.1944
35.8778
38.6956
33.6756
41.9786
41.9786
33.6367
33.9425
32.8969
39.8617
40.6397
37.6189
35.2139
36.0800
33.4342
29.9844
25.7933
28.4294
40.6925
47.4489
44.8819
42.2125
39.8719
42.3631
40.7772
26.0725
39.1753
38.9444
40.7883
38.8522
41.7861
21.3186
32.7336
27.9756
41.4117
45.5886
38.7472
29.6456
37.7214
39.2975
36.1267
30.1944
35.8778
38.6956
33.6756
41.9786
41.9786
33.6367
33.9425
32.8969
39.8617
40.6397
37.6189
35.2139
36.0800
33.4342
29.9844
25.7933
28.4294
40.6925
47.4489
44.8819
42.2125
39.8719
42.3631
40.7772
26.0725
39.1753
38.9444
40.7883
38.8522
41.7861
21.3186
32.7336
27.9756
41.4117
45.5886
38.7472
29.6456
37.7214
39.2975
36.1267
30.1944
35.8778
38.6956
33.6756
41.9786
41.9786
33.6367
33.9425
32.8969
39.8617
40.6397
37.6189
35.2139
36.0800
33.4342
29.9844
25.7933
28.4294
40.6925
47.4489
44.8819
42.2125
39.8719
42.3631
40.7772
26.0725
39.1753
38.9444
40.7883
38.8522
41.7861
21.3186
32.7336
27.9756
41.4117
45.5886
38.7472
29.6456
37.7214
39.2975
36.1267
30.1944
35.8778
38.6956
33.6756
41.9786
41.9786
33.6367
33.9425
32.8969
39.8617
40.6397
37.6189
35.2139
36.0800
33.4342
29.9844
25.7933
28.4294
40.6925
47.4489
44.8819
42.2125
39.8719
42.3631
40.7772
26.0725
39.1753
38.9444
40.7883
38.8522
41.7861
21.3186
32.7336
27.9756
41.4117
45.5886
38.7472
29.6456
37.7214
39.2975
36.1267
30.1944
35.8778
38.6956
33.6756
41.9786
41.9786
33.6367
33.9425
32.8969
39.8617
40.6397
37.6189
35.2139
36.0800
33.4342
29.9844
25.7933
28.4294
40.6925
47.4489
44.8819
42.2125
39.8719
42.3631
40.7772
26.0725
39.1753
38.9444
40.7883
38.8522
41.7861
21.3186
32.7336
27.9756
41.4117
45.5886
38.7472
29.6456
37.7214
39.2975
36.1267
30.1944
35.8778
38.6956
33.6756
41.9786
41.9786
33.6367
33.9425
32.8969
39.8617
40.6397
37.6189
35.2139
36.0800
33.4342
29.9844
25.7933
28.4294
40.6925
47.4489
44.8819
42.2125
39.8719
42.3631
40.7772
26.0725
39.1753
38.9444
40.7883
38.8522
41.7861
21.3186
32.7336
27.9756
41.4117
45.5886
38.7472
29.6456
37.7214
39.2975
36.1267
30.1944
35.8778
38.6956
33.6756
41.9786
41.9786
33.6367
33.9425
32.8969
39.8617
40.6397
37.6189
35.2139
36.0800
33.4342
29.9844
25.7933
28.4294
40.6925
47.4489
44.8819
42.2125
39.8719
42.3631
40.7772
26.0725
39.1753
38.9444
40.7883
38.8522
41.7861
21.3186
32.7336
27.9756
41.4117
45.5886
38.7472
29.6456
37.7214
39.2975
36.1267
30.1944
35.8778
38.6956
33.6756
41.9786
41.9786
33.6367
33.9425
32.8969
39.8617
40.6397
37.6189
35.2139
36.0800
33.4342
29.9844
25.7933
28.4294
40.6925
47.4489
44.8819
42.2125
39.8719
42.3631
40.7772
26.0725
39.1753
38.9444
40.7883
38.8522
41.7861
21.3186
32.7336
27.9756
41.4117
45.5886
38.7472
29.6456
37.7214
39.2975
36.1267
30.1944
35.8778
38.6956
33.6756
41.9786
41.9786
33.6367
33.9425
32.8969
39.8617
40.6397
37.6189
35.2139
36.0800
33.4342
29.9844
25.7933
28.4294
40.6925
47.4489
44.8819
42.2125
39.8719
42.3631
40.7772
26.0725
39.1753
38.9444
40.7883
38.8522
41.7861
21.3186
32.7336
27.9756
41.4117
45.5886
38.7472
29.6456
37.7214
39.2975
36.1267
30.1944
35.8778
38.6956
33.6756
41.9786
41.9786
33.6367
33.9425
32.8969
39.8617
40.6397
37.6189
35.2139
36.0800
33.4342
29.9844
25.7933
28.4294
40.6925
47.4489
44.8819
42.2125
39.8719
42.3631
40.7772
26.0725
39.1753
38.9444
40.7883
38.8522
41.7861
21.3186
32.7336
27.9756
41.4117
45.5886
38.7472
29.6456
37.7214
39.2975
36.1267
30.1944
35.8778
38.6956
33.6756
41.9786
41.9786
33.6367
33.9425
32.8969
39.8617
40.6397
37.6189
35.2139
36.0800
33.4342
29.9844
25.7933
28.4294
40.6925
47.4489
44.8819
42.2125
39.8719
42.3631
40.7772
26.0725
39.1753
38.9444
40.7883
38.8522
41.7861
21.3186
32.7336
27.9756
41.4117
45.5886
38.7472
29.6456
37.7214
39.2975
36.1267
30.1944
35.8778
38.6956
33.6756
41.9786
41.9786
33.6367
33.9425
32.8969
39.8617
40.6397
37.6189
35.2139
36.0800
33.4342
29.9844
25.7933
28.4294
40.6925
47.4489
44.8819
42.2125
39.8719
42.3631
40.7772
26.0725
39.1753
38.9444
40.7883
38.8522
41.7861
21.3186
32.7336
27.9756
41.4117
45.5886
38.7472
29.6456
37.7214
39.2975
36.1267
30.1944
35.8778
38.6956
33.6756
41.9786
41.9786
33.6367
33.9425
32.8969
39.8617
40.6397
37.6189
35.2139
36.0800
33.4342
29.9844
25.7933
28.4294
40.6925
47.4489
44.8819
42.2125
39.8719
42.3631
40.7772
26.0725
39.1753
38.9444
40.7883
38.8522
41.7861
21.3186
32.7336
27.9756
41.4117
45.5886
38.7472
29.6456
37.7214
39.2975
36.1267
30.1944
35.8778
38.6956
33.6756
41.9786
41.9786
33.6367
33.9425
32.8969
39.8617
40.6397
37.6189
35.2139
36.0800
33.4342
29.9844
25.7933
28.4294
40.6925
47.4489
44.8819
42.2125
39.8719
42.3631
40.7772
26.0725
39.1753
38.9444
40.7883
38.8522
41.7861
21.3186
32.7336
27.9756
41.4117
45.5886
38.7472
29.6456
37.7214
39.2975
36.1267
30.1944
35.8778
38.6956
33.6756
41.9786
41.9786
33.6367
33.9425
32.8969
39.8617
40.6397
37.6189
35.2139
36.0800
33.4342
29.9844
25.7933
28.4294
40.6925
47.4489
44.8819
42.2125
39.8719
42.3631
40.7772
26.0725
39.1753
38.9444
40.7883
38.8522
41.7861
21.3186
32.7336
27.9756
41.4117
45.5886
38.7472
29.6456
37.7214
39.2975
36.1267
30.1944
35.8778
38.6956
33.6756
41.9786
41.9786
33.6367
33.9425
32.8969
39.8617
40.6397
37.6189
35.2139
36.0800
33.4342
29.9844
25.7933
28.4294
40.6925
47.4489
44.8819
42.2125
39.8719
42.3631
40.7772
26.0725
39.1753
38.9444
40.7883
38.8522
41.7861
21.3186
32.7336
27.9756
41.4117
45.5886
38.7472
29.6456
37.7214
39.2975
36.1267
30.1944
35.8778
38.6956
33.6756
41.9786
41.9786
33.6367
33.9425
32.8969
39.8617
40.6397
37.6189
35.2139
36.0800
33.4342
29.9844
25.7933
28.4294
40.6925
47.4489
44.8819
42.2125
39.8719
42.3631
40.7772
26.0725
39.1753
38.9444
40.7883
38.8522
41.7861
21.3186
32.7336
27.9756
41.4117
45.5886
38.7472
29.6456
37.7214
39.2975
36.1267
30.1944
35.8778
38.6956
33.6756
41.9786
41.9786
33.6367
33.9425
32.8969
39.8617
40.6397
37.6189
35.2139
36.0800
33.4342
29.9844
25.7933
28.4294
40.6925
47.4489
44.8819
42.2125
39.8719
42.3631
40.7772
26.0725
39.1753
38.9444
40.7883
38.8522
41.7861
21.3186
32.7336
27.9756
41.4117
45.5886
38.7472
29.6456
37.7214
39.2975
36.1267
30.1944
35.8778
38.6956
33.6756
41.9786
41.9786
33.6367
33.9425
32.8969
39.8617
40.6397
37.6189
35.2139
36.0800
33.4342
29.9844
25.7933
28.4294
40.6925
47.4489
44.8819
42.2125
39.8719
42.3631
40.7772
26.0725
39.1753
38.9444
40.7883
38.8522
41.7861
21.3186
32.7336
27.9756
41.4117
45.5886
38.7472
29.6456
37.7214
39.2975
36.1267
30.1944
35.8778
38.6956
33.6756
41.9786
41.9786
33.6367
33.9425
32.8969
39.8617
40.6397
37.6189
35.2139
36.0800
33.4342
29.9844
25.7933
28.4294
40.6925
47.4489
44.8819
42.2125
39.8719
42.3631
40.7772
26.0725
39.1753
38.9444
40.7883
38.8522
41.7861
21.3186
32.7336
27.9756
41.4117
45.5886
38.7472
29.6456
37.7214
39.2975
36.1267
30.1944
35.8778
38.6956
33.6756
41.9786
41.9786
